File ADT# Time#1       Time#2       Time#3      Ignore
File1 1   0.064367     0.058664     0.058033     1e-06      
File2 1   83.352     82.7265     82.7967     1e-06      
File3 1   0.055572     0.043207     0.042995     0      
File4 1   52.4197     52.1907     52.241     0      
File1 2   0.044075     0.042112     0.042019     1e-06      
File2 2   376.062     375.911     375.953     0      
File3 2   0.056844     0.053936     0.054005     0      
File4 2   188.18     218.356     218.231     0      
File1 3   0.036644     0.036406     0.036061     1e-06      
File2 3   0.034199     0.033447     0.033285     0      
File3 3   0.033533     0.033336     0.033339     0      
File4 3   0.036256     0.036126     0.035792     0      
File1 4   0.051462     0.050165     0.050132     0      
File2 4   0.040796     0.04016     0.040203     0      
File3 4   0.042436     0.04096     0.040914     1e-06      
File4 4   0.044883     0.043152     0.043244     1e-06      
File1 5   0.03708     0.036432     0.036137     0      
File2 5   0.036113     0.035494     0.035577     0      
File3 5   0.037706     0.036683     0.036126     0      
File4 5   0.038623     0.038381     0.038089     0      
File1 6   0.161345     0.162288     0.167227     0      
File2 6   0.125269     0.121358     0.127245     0      
File3 6   0.144027     0.138914     0.141046     0      
File4 6   0.354365     0.371282     0.368055     1e-06      
